541
827
660
39
229
237
898
101
813
603
335
382
545
657
823
370
101
295
656
634
819
504
760
733
197
357
544
604
90
609
313
421
278
299
362
353
992
850
251
810
959
450
849
419
995
711
17
722
920
905
794
317
145
445
935
784
255
521
490
163
771
914
271
411
370
61
333
269
477
610
650
145
758
524
760
360
456
510
886
356
685
253
868
811
205
707
835
496
484
33
896
745
287
150
884
934
239
145
375
680
873
243
509
302
728
130
60
133
428
24
446
906
950
199
734
635
489
587
512
104
647
605
118
432
887
660
669
762
108
732
877
225
708
989
279
107
775
755
694
156
820
448
25
473
734
940
935
428
760
510
994
93
943
329
50
320
722
18
733
280
450
178
317
744
621
740
855
441
783
525
502
980
891
286
985
362
807
912
405
677
121
34
109
46
793
834
372
744
631
346
541
492
542
75
612
719
158
813
817
899
198
235
125
204
80
295
284
816
947
131
617
663
475
535
542
23
733
684
740
224
485
682
465
294
606
337
154
352
322
189
484
194
188
14
219
224
218
392
616
746
230
291
326
131
61
80
509
475
193
128
381
413
778
514
329
48
856
863
496
377
603
159
283
127
938
189
924
322
943
714
612
962
849
154
49
111
284
716
667
719
543
759
915
482
713
836
921
665
692
772
972
221
272
439
780
225
802
280
406
176
450
656
324
547
415
311
989
156
938
626
823
294
177
287
133
706
34
722
711
529
546
577
881
926
621
294
601
573
978
693
275
137
258
838
59
790
997
582
900
288
480
292
993
636
813
230
450
460
331
844
620
726
126
728
229
164
290
325
342
203
60
767
770
99
165
72
973
104
896
294
414
481
308
624
574
998
403
625
808
5
800
874
27
898
366
233
314
842
704
281
389
545
851
14
623
636
857
682
574
508
574
223
80
710
749
920
904
96
631
599
743
133
559
642
935
539
584
831
211
953
730
483
245
493
671
568
727
663
113
95
74
117
81
407
348
144
915
775
388
458
142
79
338
295
790
713
366
302
603
450
176
902
750
398
490
801
964
937
112
940
668
623
231
694
701
620
603
224
3
867
869
448
247
464
30
154
146
789
474
583
517
154
397
864
712
310
915
25
927
899
796
741
533
470
159
680
784
152
125
779
657
325
576
776
776
705
522
879
712
288
74
203
170
155
840
740
644
623
309
895
196
871
569
461
805
828
263
595
235
883
996
457
674
463
668
609
889
649
450
499
430
475
775
334
642
682
14
63
51
306
448
691
431
265
591
58
540
496
116
943
945
777
769
290
845
860
956
964
631
571
45
144
166
803
40
782
511
680
919
558
619
122
503
373
355
911
382
762
754
890
189
844
602
399
576
696
203
485
485
163
187
309
319
202
560
377
84
261
207
649
874
760
738
711
31
98
344
421
490
97
412
855
753
130
173
741
588
53
429
455
673
238
455
325
631
579
385
466
85
967
792
842
861
88
784
696
434
709
698
526
491
241
799
832
249
657
657
751
2
748
694
332
580
921
171
828
38
244
251
659
401
354
145
53
192
480
68
472
84
707
710
954
871
670
989
139
876
313
211
127
504
385
602
981
653
452
251
521
385
552
220
608
287
33
271
834
450
477
652
525
505
387
288
450
704
875
887
328
249
318
807
794
100
317
268
69
487
368
402
290
552
300
371
590
790
533
997
869
179
470
407
239
390
604
78
513
528
308
113
286
68
29
86
530
533
654
79
79
63
699
970
332
821
653
577
841
717
342
469
190
511
635
443
235
170
404
270
280
226
432
122
903
886
884
139
936
935
879
162
447
283
432
468
642
299
426
428
21
306
824
625
625
618
7
167
60
223
719
895
961
240
240
171
105
807
839
18
883
904
225
523
447
642
319
849
648
482
891
432
295
214
562
784
414
395
790
764
515
857
778
594
274
463
825
42
800
795
879
102
916
165
757
520
682
326
881
776
810
169
132
109
785
2
782
824
425
839
859
545
341
271
958
890
437
267
481
898
363
938
714
821
454
290
257
504
619
502
554
554
576
560
76
366
426
468
547
206
467
621
618
183
582
558
324
939
863
761
414
411
532
299
296
557
489
398
493
832
482
378
463
190
798
855
698
685
920
911
668
8
670
248
434
456
294
533
765
958
910
304
600
411
243
576
613
58
634
589
193
733
155
763
102
207
135
375
329
496
266
295
80
844
772
171
352
788
737
599
545
445
218
234
67
166
442
324
736
49
719
497
664
173
954
764
601
466
969
686
327
596
811
185
216
160
264
227
226
580
586
16
38
760
770
286
582
433
75
102
98
349
627
948
753
776
89
552
131
429
283
731
456
675
547
170
497
475
458
140
38
151
100
811
745
740
424
375
602
33
603
244
247
380
674
656
53
653
736
474
995
264
873
275
188
232
688
713
90
365
345
572
556
310
758
919
942
520
376
876
762
530
480
127
777
38
771
870
615
856
68
827
889
741
858
641
714
381
710
601
610
10
114
848
949
454
188
597
240
22
239
707
649
557
913
362
805
610
331
733
777
879
495
175
678
690
52
245
299
904
867
666
696
380
738
576
898
732
65
635
588
123
65
113
530
154
377
991
557
839
680
57
675
674
547
161
286
453
480
643
630
21
136
833
937
613
668
196
117
884
912
72
929
858
647
543
270
514
455
415
392
760
368
844
514
359
641
636
61
665
494
195
200
42
178
912
891
326
984
678
655
384
828
734
200
434
541
618
49
651
794
454
614
635
533
127
809
922
199
124
951
853
639
704
192
821
14
827
396
409
582
748
876
536
944
807
889
778
752
45
506
239
740
103
656
711
915
381
698
801
404
920
426
345
314
908
639
886
505
564
250
470
207
587
368
721
857
163
813
848
231
564
589
452
120
444
897
659
688
475
430
59
123
267
283
914
31
882
196
412
473
186
749
876
741
916
244
735
79
694
875
44
891
335
592
602
964
864
870
139
161
239
71
899
876
102
645
740
126
692
680
19
315
331
407
335
558
450
500
90
590
444
547
591
457
351
697
680
142
196
671
861
297
351
573
110
244
253
133
801
840
138
786
813
56
143
194
553
40
529
517
698
513
985
297
865
349
458
383
469
281
290
61
47
16
453
324
240
890
141
868
876
231
981
609
510
125
245
171
78
174
797
832
155
648
630
75
356
363
746
699
110
347
704
857
215
665
635
418
546
635
20
164
152
688
602
875
935
163
838
69
795
809
724
709
101
656
541
185
677
543
544
578
560
62
67
303
364
592
736
935
466
301
622
332
704
386
632
405
969
762
778
897
313
60
360
240
83
182
945
812
988
744
808
156
256
9
246
476
84
508
784
275
669
571
704
141
700
677
127
302
747
876
235
698
711
587
321
843
538
209
347
605
348
825
246
571
755
137
92
185
793
90
795
376
935
745
132
812
926
137
762
894
420
822
946
731
582
273
520
461
970
866
895
80
658
481
418
785
598
905
16
604
622
235
192
427
259
312
66
504
789
883
549
243
517
479
507
264
688
302
521
306
413
662
131
277
311
77
535
567
477
175
524
53
741
747
152
517
585
812
434
617
483
635
729
638
99
714
19
168
161
294
390
188
876
893
36
820
784
544
825
115
913
399
5
401
932
314
685
683
654
269
481
467
117
960
570
537
100
894
902
832
852
655
223
579
423
820
664
175
382
226
316
332
349
220
353
745
488
390
403
194
250
234
434
502
777
581
644
351
588
418
410
110
116
22
106
882
838
970
796
18
811
225
700
628
109
610
628
716
72
762
398
595
289
73
833
790
513
657
241
193
993
972
54
67
43
578
728
441
213
311
265
457
43
487
223
489
367
420
628
212
142
770
735
457
203
266
933
345
629
81
25
58
285
365
144
236
219
374
429
561
845
764
345
824
37
12
33
283
457
698
26
658
686
473
497
140
588
591
3
265
644
552
561
547
514
682
573
535
197
333
309
489
566
109
677
531
340
913
889
206
742
461
888
671
569
205
678
537
245
84
506
499
246
197
420
238
571
547
550
424
598
724
38
742
462
283
460
331
43
286
406
515
914
300
559
485
851
360
704
730
808
588
346
718
936
966
487
717
343
109
247
850
702
733
54
625
654
227
221
52
948
111
859
250
528
386
111
316
280
452
634
625
49
320
352
691
89
758
24
584
564
421
120
539
610
605
822
912
497
472
582
727
748
961
954
148
832
399
530
525
668
833
797
693
898
675
596
519
377
551
560
475
195
446
366
972
914
532
75
605
727
58
674
467
841
922
682
777
536
291
372
86
252
976
878
320
536
491
949
973
868
261
42
296
251
555
802
739
581
198
139
479
565
962
756
761
413
118
297
733
163
655
241
916
688
103
987
957
466
40
436
