588
272
514
703
871
956
566
79
541
135
363
493
81
960
909
194
750
671
431
291
663
662
590
859
651
799
250
654
870
535
777
320
967
722
949
258
607
264
351
320
335
242
26
42
14
174
982
895
161
246
190
318
233
534
592
260
704
57
149
144
289
233
93
640
968
960
79
190
225
641
135
759
451
125
555
219
285
98
336
916
974
532
990
803
624
512
288
776
185
832
678
595
201
189
42
214
819
582
307
59
441
393
237
550
524
986
926
653
755
476
290
703
183
735
908
373
567
746
508
971
857
20
853
559
433
332
711
713
972
743
277
590
35
425
413
422
833
755
293
75
303
934
830
192
126
215
126
905
742
523
808
740
80
888
763
673
52
130
130
586
222
427
685
261
809
532
690
301
309
272
58
150
9
143
846
696
194
193
148
261
406
206
473
726
847
160
849
799
478
82
184
228
635
347
321
526
270
482
253
630
456
286
646
375
289
664
382
130
596
611
471
282
219
829
502
649
691
21
689
249
776
971
12
296
297
104
257
171
466
173
338
194
741
696
868
4
865
536
692
592
72
487
482
265
422
552
334
211
274
15
31
21
461
307
353
90
354
265
918
889
164
701
503
658
226
533
365
422
713
508
328
877
963
278
624
518
330
689
369
728
493
408
970
289
860
286
447
655
579
679
394
675
336
684
721
587
945
237
281
60
720
293
694
57
965
936
878
72
823
968
896
236
294
351
252
319
418
583
379
574
868
875
844
247
535
105
640
142
900
823
362
291
130
686
800
188
324
338
23
619
168
505
30
335
363
248
668
736
800
805
54
820
20
820
27
569
559
360
356
627
932
865
316
756
783
27
419
364
271
222
609
429
544
139
626
338
739
472
190
202
42
801
275
927
794
529
744
530
461
946
113
652
754
56
131
127
404
25
406
528
531
433
811
642
903
205
286
428
364
169
491
939
879
605
868
860
643
562
561
928
611
373
374
582
422
458
462
603
490
26
84
78
814
852
39
43
174
148
305
135
199
223
47
217
72
736
769
642
526
181
638
801
545
366
186
290
652
593
888
377
693
889
714
535
178
887
133
983
103
232
235
909
941
909
224
99
187
347
166
253
531
414
436
822
303
652
772
780
266
327
897
794
554
656
863
644
768
451
366
902
749
759
562
467
580
264
526
278
426
589
23
873
857
46
855
816
272
362
416
807
790
912
966
223
754
353
697
541
302
446
745
813
271
769
535
720
987
852
69
915
185
840
992
725
273
693
532
192
362
301
330
115
321
881
726
930
954
157
376
249
384
573
254
691
818
802
267
92
126
59
226
878
940
30
408
423
251
962
817
609
7
611
449
982
559
801
889
707
83
198
185
820
375
871
446
249
510
264
310
340
15
506
508
457
614
909
32
761
763
544
639
555
108
458
529
374
620
340
860
793
70
542
320
245
309
513
632
928
868
90
302
255
49
935
118
987
485
497
57
801
543
480
688
209
542
800
969
342
892
474
707
197
371
425
288
909
930
211
642
718
764
231
593
656
757
555
409
455
121
271
470
241
732
261
594
337
182
478
346
458
483
52
116
104
639
444
497
8
896
894
230
710
553
628
532
275
486
257
255
405
223
368
92
346
397
8
129
139
619
117
656
34
651
665
612
974
419
768
30
762
242
413
200
65
175
215
484
497
64
420
525
497
144
391
519
533
537
26
787
6
781
498
291
227
937
171
874
925
114
820
64
952
988
285
829
917
802
226
681
249
116
355
366
531
791
104
993
969
458
446
151
875
580
761
707
586
920
340
357
401
962
139
928
636
696
455
238
265
490
520
118
411
110
116
8
802
846
750
251
54
273
507
429
81
288
239
370
160
833
693
940
869
457
693
288
883
659
665
746
119
104
57
234
554
437
645
447
321
423
684
303
256
369
510
508
536
463
37
840
876
698
425
766
456
530
812
832
814
763
349
838
973
501
157
563
173
160
284
981
886
223
28
855
854
452
79
380
212
250
270
31
38
7
869
488
517
751
244
960
297
370
77
171
509
455
771
179
746
203
557
474
85
418
487
783
167
627
191
856
794
667
707
38
111
660
576
410
273
148
795
214
871
895
873
81
75
502
505
667
434
789
510
502
775
930
723
303
574
832
629
686
131
716
807
284
615
870
169
829
235
788
840
707
307
888
707
371
956
551
973
477
984
427
868
596
405
691
975
834
140
660
44
642
889
228
852
322
296
137
69
928
991
131
11
133
757
177
923
953
684
497
888
118
850
61
499
460
329
726
596
331
409
196
533
495
708
345
900
699
594
684
455
821
919
979
939
899
305
636
981
639
150
563
613
747
449
824
542
199
707
243
911
849
869
951
273
109
276
274
704
362
777
497
270
714
668
492
953
65
659
651
529
624
112
385
945
883
21
886
870
42
202
234
384
174
533
437
940
829
319
736
729
993
949
610
24
668
682
224
624
796
114
824
821
738
13
751
89
390
356
935
515
922
383
638
290
658
559
439
699
860
736
185
877
820
725
553
428
173
766
760
62
24
55
397
680
339
7
920
926
533
810
823
185
228
102
227
20
220
805
681
243
513
609
403
29
604
610
147
80
123
767
253
994
771
595
175
414
876
735
747
749
36
951
923
575
402
953
888
814
441
388
604
625
660
333
780
919
632
27
630
439
205
431
300
290
38
749
749
10
620
323
499
9
233
245
493
711
534
651
832
262
555
524
978
371
443
654
602
716
243
588
319
648
393
51
431
116
99
169
347
718
859
535
487
619
599
248
792
270
256
143
5
299
296
630
319
850
125
51
141
357
390
577
295
299
424
283
427
162
466
718
370
240
152
136
989
20
980
449
396
52
910
943
903
623
131
542
353
558
282
850
525
515
172
379
308
683
715
903
576
820
536
300
78
259
744
47
729
255
822
982
670
803
940
889
540
467
108
266
263
794
489
683
32
469
498
971
660
909
803
440
625
299
165
211
658
710
681
727
324
969
426
531
143
687
236
904
888
353
917
291
410
515
379
149
442
573
759
983
6
631
623
240
586
542
568
672
102
946
757
445
931
667
852
258
791
867
506
496
618
189
464
568
975
956
579
876
748
191
754
869
124
627
241
417
56
379
375
54
999
996
718
643
134
9
90
94
486
662
831
264
378
321
785
368
959
264
597
496
676
947
556
61
439
455
64
487
477
640
118
719
861
768
95
547
432
256
948
982
173
580
239
390
818
996
617
195
604
647
606
743
798
333
591
327
34
170
183
574
863
613
950
606
461
209
696
534
283
458
618
643
495
920
658
917
309
93
191
117
553
703
711
415
256
622
298
581
778
692
652
285
59
493
488
284
413
626
760
439
705
647
798
939
416
579
250
288
164
145
776
425
960
155
39
172
979
788
615
703
760
194
913
745
305
502
335
176
927
917
120
200
286
116
528
162
516
753
860
663
933
614
964
224
547
333
794
498
493
400
427
303
256
981
784
739
79
798
747
422
337
664
928
669
364
606
888
601
731
385
746
30
774
361
170
387
905
677
918
435
683
504
393
613
977
714
760
910
161
224
139
197
44
220
970
178
864
201
561
372
981
157
836
762
836
939
369
424
605
24
16
31
971
980
64
658
742
951
586
47
539
383
616
574
186
140
75
303
260
338
395
651
633
676
438
686
375
196
430
161
600
713
462
348
599
655
615
158
330
433
321
718
349
449
49
314
295
277
130
244
900
800
407
334
558
435
399
674
789
283
177
116
392
250
332
523
798
438
526
569
154
483
365
121
217
365
309
382
480
852
119
323
260
26
574
595
446
520
206
383
932
902
459
134
487
500
426
202
653
499
939
609
732
317
424
429
87
217
855
679
146
529
410
497
447
299
580
883
311
312
40
343
384
202
319
237
681
901
92
73
28
497
591
804
452
25
431
354
278
201
283
597
455
265
207
298
960
32
973
151
300
366
302
867
852
499
945
635
495
483
42
158
482
341
712
37
720
134
142
232
721
532
360
950
238
837
911
935
346
225
752
609
199
634
554
720
179
902
5
149
156
95
236
238
213
599
812
733
32
711
288
881
756
178
543
486
950
806
305
206
435
349
519
771
695
123
571
673
505
169
646
995
762
677
660
661
55
364
655
413
714
412
833
719
616
203
447
383
100
322
793
665
435
580
166
801
794
19
951
127
888
813
380
675
112
196
89
760
850
876
896
238
784
411
767
855
955
748
616
708
340
804
294
181
165
424
76
470
926
66
976
551
468
358
338
710
818
324
917
656
548
84
524
452
519
861
753
419
434
624
151
579
720
739
23
259
887
828
488
40
492
938
327
806
681
933
343
605
553
880
466
471
29
283
881
837
712
620
732
895
12
898
509
272
281
215
92
170
88
813
766
