421
126
367
839
3
841
112
112
146
565
180
669
843
849
9
908
317
968
64
245
266
829
918
258
137
638
597
431
184
604
650
741
430
23
973
989
461
490
569
116
611
624
376
222
291
615
961
941
480
531
144
633
150
519
863
844
570
61
110
142
60
541
542
812
65
781
421
428
96
265
461
380
682
861
251
567
726
927
228
323
165
207
548
525
894
328
657
413
10
403
789
773
669
513
131
407
149
334
467
850
973
256
265
334
291
333
390
692
491
659
823
410
391
250
254
34
275
463
367
568
191
775
634
322
134
336
952
610
860
562
758
380
424
439
818
634
667
279
6
649
651
587
788
932
535
513
656
789
772
633
110
100
198
532
337
741
639
566
921
642
350
325
261
105
326
605
526
185
196
334
432
121
800
705
850
70
900
448
461
30
308
451
312
695
25
708
375
423
715
545
95
588
43
439
431
847
338
560
402
887
730
344
398
401
308
862
565
651
383
723
549
697
901
434
544
110
820
821
1
280
350
182
610
13
594
3
343
349
973
854
714
551
162
663
33
446
411
574
482
94
663
99
669
155
609
641
851
911
737
973
255
812
3
697
695
212
294
360
264
164
418
199
186
54
855
465
906
291
238
138
49
685
732
428
476
753
216
290
127
175
139
286
827
787
621
729
223
706
316
289
84
877
864
69
503
125
408
682
745
71
335
383
454
51
657
687
585
165
574
146
588
597
177
480
649
175
960
906
674
882
781
687
503
190
356
257
579
519
427
350
683
741
517
12
869
881
278
887
712
402
596
505
982
892
175
620
896
874
837
734
708
592
394
219
32
939
949
794
529
691
544
563
525
674
180
846
905
294
613
416
858
478
615
560
840
328
211
120
64
558
607
675
735
280
526
13
525
617
406
841
678
410
339
706
738
931
199
387
435
307
575
827
486
904
795
60
108
120
307
180
302
980
883
918
810
357
972
800
108
802
73
139
210
77
887
930
467
657
966
415
463
276
741
36
748
826
218
820
131
195
96
625
879
575
723
711
330
718
956
663
433
408
97
271
474
324
190
344
373
623
367
870
220
837
674
23
576
601
234
33
233
262
265
4
22
764
786
512
775
359
274
735
997
104
243
217
521
616
233
372
343
508
586
176
749
839
143
939
67
437
452
722
249
790
296
84
220
392
442
363
960
22
952
56
211
188
737
311
848
900
127
916
180
854
886
453
656
418
908
723
204
925
977
97
957
417
722
317
383
226
435
992
695
933
908
55
444
736
930
474
373
425
623
504
138
870
120
772
817
828
518
897
676
734
135
75
157
268
262
14
368
306
581
24
268
267
426
467
103
789
544
384
80
264
207
105
894
989
383
327
492
374
81
374
620
930
741
79
443
469
873
141
753
500
177
534
898
825
85
761
578
435
970
986
83
182
186
29
153
609
510
805
429
621
23
716
728
543
480
465
632
483
181
570
140
515
576
16
595
619
386
332
780
741
396
232
747
679
147
726
679
440
452
98
669
768
957
846
844
11
366
268
459
751
815
167
765
834
421
526
326
846
473
972
511
383
937
653
471
137
366
537
778
912
346
640
599
980
163
850
28
79
90
560
914
432
366
539
892
361
576
309
647
483
213
851
51
847
430
446
250
263
381
145
710
543
378
521
936
906
71
374
330
889
870
691
583
505
263
846
839
485
551
504
261
519
453
534
612
559
138
490
976
556
610
447
853
92
109
150
664
167
736
93
394
322
748
476
810
37
99
71
189
751
917
877
919
58
501
208
600
369
620
902
130
241
319
126
857
816
518
38
553
522
787
611
617
631
358
570
375
768
89
624
687
789
419
486
164
144
242
776
200
763
97
173
259
934
51
984
566
930
848
480
493
538
905
543
659
529
507
109
709
656
597
614
953
883
391
242
540
130
960
954
442
212
384
205
421
558
882
847
592
751
818
238
365
318
445
731
485
270
512
411
238
303
358
156
827
635
359
287
288
23
743
768
810
356
389
90
500
718
642
750
241
781
423
7
415
426
697
498
296
698
525
981
779
322
273
27
284
88
956
928
402
678
728
185
989
862
714
993
366
131
600
550
470
362
179
514
719
522
97
782
760
328
96
247
38
78
78
131
824
920
693
923
901
538
573
626
96
743
679
107
167
130
257
662
425
796
121
791
927
633
639
253
730
813
197
175
200
83
487
546
389
299
230
261
423
572
625
369
782
273
588
753
664
545
454
171
681
829
174
769
795
408
439
31
502
447
278
913
107
972
19
418
404
165
139
75
327
168
483
1
151
155
615
862
871
382
141
511
117
393
346
949
631
567
399
520
181
521
328
658
504
276
391
472
435
160
107
854
912
377
392
24
311
388
515
858
42
817
81
266
277
923
225
772
920
29
916
388
288
270
841
725
204
127
337
237
834
872
490
29
281
299
364
484
274
28
27
19
823
411
663
997
790
677
905
428
916
158
844
741
438
677
710
515
728
930
128
386
307
434
194
388
846
781
810
864
733
155
588
350
593
614
516
318
296
51
313
485
684
212
255
376
525
686
684
25
818
343
682
180
826
977
871
889
171
515
837
339
714
914
842
417
578
339
654
660
70
183
34
217
825
223
698
626
930
408
543
929
383
733
535
661
847
624
632
335
246
147
255
410
255
779
853
303
889
933
181
851
795
312
234
594
755
796
105
783
117
208
126
263
362
109
989
865
431
721
577
431
708
503
344
44
935
905
298
458
645
627
449
208
505
527
27
242
190
369
837
55
890
303
246
78
113
547
528
510
49
521
339
920
810
54
535
483
175
329
309
396
188
474
217
217
155
758
742
16
204
395
556
466
564
118
979
740
503
642
63
601
453
749
652
394
304
119
683
664
129
270
763
929
921
716
879
824
305
967
371
215
215
478
489
807
132
721
594
846
141
920
772
762
22
610
310
599
628
559
736
155
217
93
860
774
168
968
936
68
447
192
528
913
676
388
896
828
111
871
898
47
768
788
24
39
701
696
694
457
500
968
880
406
766
685
254
807
934
229
764
82
791
380
523
564
103
588
540
373
750
421
491
417
662
885
404
890
521
173
607
183
143
251
89
336
340
870
771
220
351
155
214
737
398
996
636
667
403
128
378
484
314
418
361
340
353
582
539
114
580
435
388
143
782
238
740
202
391
415
108
171
239
727
740
230
703
178
537
201
559
453
623
311
630
323
466
163
990
281
745
193
331
312
360
778
720
442
370
473
742
861
285
91
94
149
945
473
994
351
386
114
242
171
152
521
587
284
120
742
758
475
412
113
906
669
974
102
601
681
678
504
335
317
292
509
318
650
820
625
11
613
486
462
875
372
124
464
569
701
634
526
866
981
888
687
564
392
661
974
950
25
937
168
529
601
79
585
623
53
293
336
550
359
568
612
819
244
516
10
526
481
222
477
588
598
67
113
967
993
587
897
988
756
763
12
181
846
885
229
943
913
244
281
512
556
548
18
709
109
607
940
263
747
794
973
604
128
543
584
739
974
893
847
333
860
485
369
694
744
692
471
765
541
448
200
407
371
408
834
423
234
130
343
844
54
867
16
27
23
131
182
185
607
79
613
171
312
447
766
992
532
282
505
438
792
672
415
313
298
539
574
775
837
210
652
667
224
698
909
983
337
789
402
248
151
563
476
890
413
150
277
773
861
107
872
487
793
208
657
505
917
837
309
699
852
161
913
139
874
126
17
144
514
417
444
448
351
785
642
125
747
639
219
452
655
712
99
268
586
770
638
856
280
93
262
184
175
116
94
308
380
116
147
967
890
883
594
421
465
141
489
409
614
631
479
182
325
761
642
467
840
121
958
394
40
362
87
185
162
150
597
568
182
45
200
14
795
798
674
629
43
381
764
775
727
491
870
77
648
647
183
73
193
516
584
562
846
67
894
646
344
490
560
736
623
698
249
823
789
86
744
955
988
638
416
845
658
330
690
532
372
961
783
119
232
347
690
429
821
309
188
389
531
573
461
560
552
500
546
793
383
476
991
641
826
321
890
156
875
814
766
620
162
218
565
473
798
896
908
678
387
617
3
905
909
411
419
747
61
421
416
684
253
748
346
976
998
124
918
985
239
661
459
25
192
168
350
867
767
641
816
382
818
94
781
244
677
824
649
332
349
758
776
227
376
10
387
738
681
469
308
894
908
430
435
10
205
873
699
978
974
223
965
62
987
512
110
422
992
962
120
259
688
715
309
129
267
744
834
275
92
205
122
734
760
24
333
277
369
469
437
68
792
660
946
605
758
269
351
768
751
474
949
771
561
709
668
913
122
808
614
679
227
523
543
31
863
337
885
781
785
36
367
927
936
289
91
256
489
540
321
371
653
810
281
408
454
293
103
254
